[0, 70000001017303006, '226625281936', 4.9, 0, 0]
[7, 70000001024048146, "'\r\nПирожковая на Московском кафе быстрого питания Московский проспект, 192\r\n\r\nПироговый дворик кафе-пекарня улица Савушкина, 1", 0.0, 0, 0]
[0, 70000001017303006, '1743156408', 4.9, 0, 0]
[1, 5348552838735160, '192425270527', 4.8, 0, 0]
[0, 70000001017303006, '1743156408', 4.9, 0, 0]
[1, 5348552838735160, '192425270527', 4.8, 0, 0]
[2, 70000001006539313, '50576122119', 4.2, 0, 0]
[3, 5348552838552300, '1084974965', 4.7, 0, 0]
[4, 5348552838535461, '142938838513', 4.7, 0, 0]
[5, 5348552840230555, '84898287026', 4.8, 0, 0]
[6, 70000001017331016, '226625281936', 4.9, 0, 0]
[7, 70000001024048146, '1701963116', 4.7, 0, 0]
[8, 70000001006462637, '1265167754', 4.6, 0, 0]
[9, 70000001019786669, '111962281500', 4.3, 0, 0]
[10, 70000001020554218, '1687903709', 4.8, 0, 0]
[11, 70000001022269478, '1218785490', 4.5, 0, 0]
[12, 70000001021200995, '89708653775', 4.9, 0, 0]
[13, 70000001006828916, '9554136197', 4.4, 0, 0]
[14, 70000001019836237, '168791676309', 4.5, 0, 0]
[15, 5348552840819024, '53275460772', 4.3, 0, 0]
[16, 5348552838589862, '11589844551', 4.4, 0, 0]
[17, 70000001028368300, '131371996485', 4.8, 0, 0]
[18, 70000001029716852, '108753005174', 4.5, 0, 0]
[19, 5348552838577626, '1048235258', 4.7, 0, 0]
[22, 70000001084534211, '92627983344', 4.1, 0, 0]
[29, 70000001084414239, '10726299207', 4.4, 0, 0]
[31, 70000001084160027, '211830925891', 0.0, 0, 0]
[32, 70000001084033630, '222371143035', 4.4, 0, 0]
[33, 70000001083874425, '222371143035', 4.4, 0, 0]
[37, 70000001082874310, '128203121386', 4.0, 0, 0]
[40, 70000001083534919, '72084489105', 0.0, 0, 0]
[41, 70000001083508670, '131499882899', 4.7, 0, 0]
[42, 70000001083462726, '146074186458', 4.3, 0, 0]
[45, 70000001083364555, '150784028105', 0.0, 0, 0]
[46, 70000001083370068, '71669217475', 4.8, 0, 0]
[48, 70000001083045675, '216156136726', 3.9, 0, 0]
[49, 70000001083241371, '87033317062', 4.0, 0, 0]
[51, 70000001083040984, '37608967875', 4.5, 0, 0]
[52, 70000001082971134, '103324305274', 0.0, 0, 0]
[55, 70000001082840403, '122133050359', 4.8, 0, 0]
[56, 70000001082843750, '153756088390', 4.5, 0, 0]
[58, 70000001082735715, '76213955852', 5.0, 0, 0]
[59, 70000001082780486, '79775038074', 3.3, 0, 0]
[63, 70000001082606573, '151626917095', 4.4, 0, 0]
[64, 70000001082597372, '1678867488', 4.5, 0, 0]
[65, 70000001082596237, '132988118228', 4.2, 0, 0]
[66, 70000001082572882, '209772245854', 4.0, 0, 0]
[72, 70000001081142976, '218200985400', 4.2, 0, 0]
[74, 70000001081297240, '161114787726', 4.5, 0, 0]
[77, 70000001080842265, '5326296530', 4.7, 0, 0]
[78, 70000001080218566, '42851127327', 4.3, 0, 0]
[79, 70000001080226630, '231240607585', 4.4, 0, 0]
[80, 70000001080517173, '93207328287', 4.6, 0, 0]
[81, 70000001081094632, '245104885023', 4.7, 0, 0]
[82, 70000001080186622, '156548171022', 4.7, 0, 0]
[84, 70000001079763219, '159063837025', 4.7, 0, 0]
[85, 70000001079651824, '35301531937', 5.0, 0, 0]
[87, 70000001079102304, '27755874987', 4.3, 0, 0]
[88, 70000001078933576, '186637001066', 4.6, 0, 0]
[92, 70000001076845476, '169308188685', 4.5, 0, 0]
[93, 70000001076598949, '79680830903', 3.9, 0, 0]
[94, 70000001076420327, '148134298312', 4.5, 0, 0]
[95, 70000001076275771, '8013405146', 4.9, 0, 0]
[97, 70000001075841717, '77288072099', 4.0, 0, 0]
[98, 70000001071851863, '71788313582', 4.3, 0, 0]
[99, 70000001075027976, '229431874499', 4.4, 0, 0]
[101, 70000001074557753, '215547315124', 4.3, 0, 0]
[104, 70000001069468765, '185902788424', 4.6, 0, 0]
[105, 70000001069406047, '173321851771', 4.4, 0, 0]
[106, 70000001036401693, '228048967223', 4.4, 0, 0]
[107, 70000001077201609, '212413388618', 4.3, 0, 0]
[109, 70000001060293316, '241975202405', 4.3, 0, 0]
[110, 70000001018001525, '1308864439', 4.7, 0, 0]
[111, 70000001047590498, '223207384295', 4.2, 0, 0]
[112, 70000001064190559, '138082465126', 4.4, 0, 0]
[113, 70000001078983012, '234500918830', 4.4, 0, 0]
[114, 70000001059180263, '154993936025', 4.9, 0, 0]
[115, 70000001047200614, '131017942596', 4.9, 0, 0]
[116, 70000001068055278, '93131963271', 4.6, 0, 0]
[117, 70000001023452186, '119638298338', 0.0, 0, 0]
[118, 70000001076290604, '119638298338', 0.0, 0, 0]
[119, 70000001042029969, '165381857350', 4.3, 0, 0]
[120, 70000001054727024, '148744848608', 4.7, 0, 0]
[121, 70000001077831731, '43110780638', 4.8, 0, 0]
[122, 70000001075195034, '43110780638', 4.8, 0, 0]
[123, 70000001064319532, '36373319769', 4.2, 0, 0]
[124, 70000001052141996, '45867452717', 4.2, 0, 0]
[125, 70000001055138980, '167269077466', 4.3, 0, 0]
[126, 70000001029086840, '167269077466', 4.3, 0, 0]
[127, 70000001068538490, '14178484829', 4.4, 0, 0]
[128, 70000001047991674, '14178484829', 4.4, 0, 0]
[129, 5348553838718945, '1342557194', 4.6, 0, 0]
[130, 70000001047215642, '232803043330', 4.6, 0, 0]
[132, 70000001067223459, '232803043330', 4.6, 0, 0]
[134, 70000001060051093, '84829482668', 4.7, 0, 0]
[135, 70000001058926303, '48664300950', 4.4, 0, 0]
[137, 70000001056315407, '92331496298', 4.6, 0, 0]
[138, 70000001054843207, '150024455144', 4.5, 0, 0]
[139, 70000001052458617, '65862074864', 4.6, 0, 0]
[140, 70000001051387488, '105979019985', 4.5, 0, 0]
[141, 70000001048371908, '44314361579', 4.3, 0, 0]
[142, 70000001048000467, '95308706010', 4.3, 0, 0]
[143, 70000001047738219, '8355258674', 4.4, 0, 0]
[144, 70000001047602869, '8355258674', 4.4, 0, 0]
[147, 70000001045621848, '150435430032', 4.3, 0, 0]
[148, 70000001043765232, '143227120401', 4.5, 0, 0]
[149, 70000001043302259, '4855930241', 4.5, 0, 0]
[150, 70000001042901692, '177539283079', 4.4, 0, 0]
[151, 70000001042880787, '164484294712', 4.5, 0, 0]
[152, 70000001040965011, '121518979449', 4.3, 0, 0]
[154, 70000001038301908, '2538528623', 4.3, 0, 0]
[155, 70000001034008838, '86350370813', 5.0, 0, 0]
[156, 70000001046123119, '64632913078', 5.0, 0, 0]
[157, 70000001056371574, '26941247439', 5.0, 0, 0]
[159, 5348553838959785, '1275267403', 4.8, 0, 0]
[160, 70000001054283802, '77578529254', 4.7, 0, 0]
[161, 5348552841071346, '1240262661', 5.0, 0, 0]
[163, 5348552839633062, '1240262661', 5.0, 0, 0]
[164, 70000001051855723, '1240262661', 5.0, 0, 0]
[165, 70000001018334671, '1240262661', 5.0, 0, 0]
[166, 70000001030459163, '1240262661', 5.0, 0, 0]
[167, 70000001047718561, '1240262661', 5.0, 0, 0]
[168, 5348552839378573, '1240262661', 5.0, 0, 0]
[169, 70000001021181076, '1240262661', 5.0, 0, 0]
[170, 70000001032416557, '1240262661', 5.0, 0, 0]
[171, 70000001066312586, '1240262661', 5.0, 0, 0]
[172, 5348553838608657, '1240262661', 5.0, 0, 0]
[174, 70000001007209265, '1240262661', 5.0, 0, 0]
[175, 70000001006406792, '1240262661', 5.0, 0, 0]
[176, 70000001063187104, '1240262661', 5.0, 0, 0]
[177, 70000001061334747, '1240262661', 5.0, 0, 0]
[178, 70000001045558544, '1240262661', 5.0, 0, 0]
[179, 70000001019456304, '1240262661', 5.0, 0, 0]
[180, 70000001055254435, '1240262661', 5.0, 0, 0]
[181, 70000001032218914, '1240262661', 5.0, 0, 0]
[182, 5348552840038944, '1240262661', 5.0, 0, 0]
[183, 5348552838635477, '1240262661', 5.0, 0, 0]
[184, 70000001062772055, '1240262661', 5.0, 0, 0]
[185, 70000001052029742, '1240262661', 5.0, 0, 0]
[186, 70000001041889768, '1240262661', 5.0, 0, 0]
[187, 70000001066900999, '1240262661', 5.0, 0, 0]
[188, 70000001024227111, '1240262661', 5.0, 0, 0]
[189, 70000001061319096, '1240262661', 5.0, 0, 0]
[190, 5348552838617139, '1240262661', 5.0, 0, 0]
[192, 70000001040784020, '1240262661', 5.0, 0, 0]
[193, 70000001030355607, '1240262661', 5.0, 0, 0]
[194, 5348552838636209, '1240262661', 5.0, 0, 0]
[195, 70000001047892421, '1240262661', 5.0, 0, 0]
[196, 70000001030324120, '1240262661', 5.0, 0, 0]
[197, 70000001041613321, '1240262661', 5.0, 0, 0]
[198, 70000001069485504, '1240262661', 5.0, 0, 0]
[199, 5348552839991591, '1240262661', 5.0, 0, 0]
[200, 70000001033905353, '1240262661', 5.0, 0, 0]
[201, 70000001065556933, '1240262661', 5.0, 0, 0]
[203, 70000001048353144, '1240262661', 5.0, 0, 0]
[204, 70000001063325971, '1240262661', 5.0, 0, 0]
[205, 70000001058948245, '1240262661', 5.0, 0, 0]
[206, 5348553839123803, '1240262661', 5.0, 0, 0]
[207, 70000001034084467, '1240262661', 5.0, 0, 0]
[208, 5348553838522236, '1240262661', 5.0, 0, 0]
[209, 70000001021315960, '1240262661', 5.0, 0, 0]
[210, 70000001076207727, '1240262661', 5.0, 0, 0]
[211, 70000001029178387, '1240262661', 5.0, 0, 0]
[212, 70000001029734852, '1240262661', 5.0, 0, 0]
[213, 70000001046928163, '1240262661', 5.0, 0, 0]
[214, 70000001075331352, '1240262661', 5.0, 0, 0]
[215, 70000001020697187, '1240262661', 5.0, 0, 0]
[216, 70000001065365068, '1240262661', 5.0, 0, 0]
[217, 70000001021241514, '1240262661', 5.0, 0, 0]
[218, 70000001067240616, '1240262661', 5.0, 0, 0]
[219, 70000001028349486, '1240262661', 5.0, 0, 0]
[220, 70000001057836916, '1240262661', 5.0, 0, 0]
[221, 70000001041437177, '1240262661', 5.0, 0, 0]
[222, 70000001024605818, '1240262661', 5.0, 0, 0]
[223, 70000001029894237, '1240262661', 5.0, 0, 0]
[224, 70000001006824944, '1240262661', 5.0, 0, 0]
[225, 5348552838597089, '1240262661', 5.0, 0, 0]
[226, 5348552839924223, '1240262661', 5.0, 0, 0]
[227, 70000001018348971, '1240262661', 5.0, 0, 0]
[228, 70000001068757205, '1240262661', 5.0, 0, 0]
[229, 70000001039583570, '1240262661', 5.0, 0, 0]
[231, 70000001032812271, '1240262661', 5.0, 0, 0]
[232, 5348553838572277, '1240262661', 5.0, 0, 0]
[233, 70000001032524385, '1240262661', 5.0, 0, 0]
[234, 70000001051276291, '1240262661', 5.0, 0, 0]
[235, 70000001047613219, '1240262661', 5.0, 0, 0]
[236, 70000001036981695, '1240262661', 5.0, 0, 0]
[237, 70000001025787746, '1240262661', 5.0, 0, 0]
[238, 5348552838526437, '1240262661', 5.0, 0, 0]
[239, 5348553839037144, '1240262661', 5.0, 0, 0]
[241, 70000001045795056, '1240262661', 5.0, 0, 0]
